834
270 53
792 280
133 299
639 371
645 778
767 280
289 661
834 585
831 809
469 555
169 326
762 780
2 3
276 51
487 677
343 132
316 307
210 156
148 380
759 241
95 187
247 135
773 342
655 579
813 701
361 46
622 52
115 315
739 36
626 89
117 201
667 37
63 24
428 490
266 458
554 469
535 355
43 757
217 65
78 233
619 45
372 117
768 162
547 256
833 474
378 267
45 779
32 83
351 173
58 61
263 201
334 740
182 168
536 454
79 226
20 64
563 368
33 557
314 443
499 543
156 61
309 416
36 18
38 44
758 670
102 55
638 79
729 662
302 690
78 50
50 370
15 23
828 363
373 326
76 238
369 279
256 399
1 2
436 312
519 501
30 122
72 43
138 272
127 208
256 802
526 108
264 260
73 67
166 153
525 67
489 447
419 642
631 395
124 364
671 429
170 203
510 136
478 317
163 164
34 19
271 339
390 109
144 179
474 329
475 517
591 99
371 85
324 149
268 628
570 496
22 240
735 700
321 394
313 357
171 186
241 110
454 459
388 606
155 205
500 351
30 68
34 133
210 223
428 143
199 191
345 795
827 356
516 418
236 47
485 161
508 194
141 385
51 237
244 609
340 496
178 322
109 62
87 8
342 123
809 781
128 94
367 158
506 712
11 7
692 658
345 67
29 409
320 140
181 242
178 188
200 212
274 127
216 627
178 45
25 38
31 18
40 76
330 118
328 736
300 2
799 208
33 1
489 518
167 232
35 43
57 812
79 54
7 249
35 33
5 22
374 229
681 573
117 77
3 137
598 399
155 395
28 77
20 115
197 284
238 574
394 585
502 467
298 587
808 184
567 509
409 467
629 288
708 77
26 58
784 100
36 116
438 63
226 491
471 162
279 734
506 220
555 830
509 48
737 153
82 282
42 46
693 563
19 3
619 820
383 295
184 30
11 131
138 344
162 243
130 710
637 191
256 214
52 19
376 26
468 138
403 161
21 455
616 423
427 475
98 60
22 24
288 26
348 175
382 583
476 221
653 254
313 488
528 341
155 111
15 359
173 51
72 80
573 65
265 329
826 788
163 162
713 823
158 271
731 673
332 203
2 25
703 243
494 605
121 691
3 5
327 198
755 501
97 33
136 62
258 11
465 486
810 816
453 465
223 650
383 623
445 147
51 715
35 530
193 635
441 24
227 113
546 725
55 151
307 675
238 582
449 524
73 230
388 16
344 515
305 821
169 266
541 59
630 482
114 25
539 747
424 187
786 506
382 684
785 744
666 228
30 56
7 3
21 20
29 21
51 825
422 546
157 42
146 33
278 593
45 170
480 419
29 42
701 436
404 292
494 442
806 144
804 706
350 682
810 202
111 45
8 793
589 597
815 198
109 379
101 81
231 81
246 479
74 462
110 257
730 689
6 9
420 237
444 3
388 733
200 90
62 120
568 533
514 186
56 60
25 28
55 33
358 544
78 268
85 334
751 686
276 551
15 3
131 644
103 37
80 307
800 725
362 53
615 191
14 633
104 716
662 213
610 387
127 314
26 426
129 589
86 76
304 273
132 128
296 149
279 418
99 432
501 262
231 520
382 303
724 681
540 764
124 803
173 290
694 154
156 449
533 224
363 131
20 16
442 286
559 373
300 762
526 774
668 31
326 349
2 473
503 647
652 206
10 26
189 82
832 469
568 663
117 216
423 249
217 782
59 192
140 354
643 575
364 497
393 267
258 512
138 670
725 796
82 52
30 19
9 198
763 408
417 201
291 248
579 394
324 577
580 386
62 36
116 798
71 52
189 224
254 151
497 697
54 275
230 537
7 328
14 2
11 771
450 19
695 366
640 357
309 188
434 192
253 175
63 255
37 11
362 492
581 478
135 120
160 161
54 74
238 294
422 309
159 493
320 657
325 191
603 360
131 341
28 765
77 141
76 402
423 760
534 274
672 669
177 193
208 625
366 142
492 814
584 203
81 17
743 282
477 76
308 49
427 272
406 65
216 269
598 683
675 744
69 37
456 188
51 12
329 634
140 40
209 204
50 91
205 702
195 163
578 354
645 102
685 524
168 150
483 381
87 89
435 371
407 42
74 319
54 106
48 292
452 12
135 215
46 144
277 355
234 756
374 791
137 717
111 356
713 247
146 152
590 582
107 12
210 302
66 46
451 288
102 777
323 240
6 4
621 435
293 33
245 636
566 656
425 302
829 740
766 726
3 4
68 138
340 303
454 67
752 155
234 392
321 620
664 351
309 646
6 10
604 686
21 113
110 17
698 149
722 55
346 106
300 553
101 130
30 94
457 308
608 159
421 13
220 184
446 46
260 81
53 312
143 261
49 41
223 822
300 794
206 146
49 790
439 817
59 259
12 3
614 257
90 100
281 472
74 235
600 18
745 596
99 723
176 303
402 788
140 503
732 432
272 297
76 678
448 316
452 687
223 419
276 358
121 44
599 442
124 414
10 279
447 64
169 77
78 191
134 214
482 410
239 137
15 218
714 490
60 706
377 552
20 104
47 38
479 529
613 227
41 9
280 147
321 460
177 196
290 507
413 172
689 483
102 142
54 149
63 65
704 633
236 569
618 399
542 1
165 25
106 251
461 231
88 285
69 281
401 398
84 42
311 68
465 560
368 398
688 296
481 195
159 144
43 286
592 66
180 222
32 45
540 721
145 333
205 350
321 305
105 112
95 1
336 110
718 554
727 507
431 421
775 139
373 550
87 167
132 153
602 330
358 396
148 44
339 566
203 317
156 607
225 54
340 617
151 381
155 295
238 665
219 59
129 539
68 85
20 126
361 411
720 155
201 310
174 156
185 144
135 289
17 12
758 789
430 437
643 676
696 396
562 551
56 504
135 267
70 586
138 150
674 381
193 469
310 415
522 41
227 353
17 495
18 13
23 262
347 114
565 22
624 382
103 248
463 61
742 356
75 204
53 46
305 35
337 50
347 588
783 292
257 604
511 16
272 545
126 147
549 220
9 513
360 37
39 1
9 32
596 641
654 559
719 394
749 693
699 754
182 213
86 386
203 252
343 505
595 188
452 575
707 196
352 738
105 13
353 596
47 75
414 612
70 42
49 158
96 129
453 157
531 659
354 699
25 139
558 378
84 207
250 193
139 175
410 256
532 513
797 451
143 67
536 818
705 679
190 283
430 125
440 156
548 358
176 601
658 152
399 649
78 118
31 134
4 57
183 77
451 805
93 38
11 16
387 320
464 407
700 655
31 711
500 540
202 168
148 400
8 4
398 709
219 313
249 770
67 171
67 59
94 318
427 531
109 572
235 679
48 538
750 220
160 64
568 761
648 466
42 108
122 125
332 521
214 776
375 135
47 54
246 43
753 727
74 99
88 38
484 248
90 24
433 26
331 61
377 364
51 197
352 241
48 14
97 278
14 335
340 405
465 632
439 175
72 391
15 40
772 207
286 306
23 273
244 233
470 451
64 162
16 27
726 592
604 680
651 514
408 279
100 728
4 412
48 234
371 556
127 42
384 134
742 781
104 245
159 801
365 164
172 87
69 194
142 229
119 38
177 150
748 699
7 50
247 487
13 180
200 594
669 233
211 186
298 199
52 96
389 64
527 317
